0.55799	0.084713	-0.023719	0.010658	-0.0029698	-0.0013956	0.0091648	-0.066021	0.013816	0.010629	0.00064916	-0.0047452	0.0041375	-0.10557	-0.027874	-0.05918	-0.037665	-0.032298	0.030881	-0.0072874	-0.0058368	-0.0023673	0.011932	0.034014	0.0056881
0.65147	0.099363	-0.030631	0.0098496	-0.002281	-0.0016874	0.011386	-0.072358	0.012476	0.013091	0.0047288	-0.0079656	0.0080468	-0.12217	-0.018035	-0.056144	-0.03889	-0.036406	0.037216	-0.0054298	-0.010583	-0.0060479	0.00013165	-0.004968	0.0010873
0.65275	0.099487	-0.030615	0.010887	-0.0028846	-0.0010142	0.010772	-0.072592	0.012959	0.013041	0.0039135	-0.0076947	0.0075872	-0.12273	-0.020921	-0.058916	-0.039718	-0.036496	0.037304	-0.0053221	-0.0080815	-0.0056462	0.0026017	0.0042433	-0.00047675
0.0030249	0.0062351	-0.004209	0.0017341	-0.00044246	-0.00030409	0.0020236	-0.014581	0.0033586	0.0035737	0.00096327	-0.002031	0.0020786	-0.042748	-0.01169	-0.037	-0.035269	-0.035345	0.066171	-0.022759	-0.037018	2.4076	-0.011198	-0.016112	-0.014851
0.64439	0.098248	-0.029461	0.0098273	-0.0023057	-0.0020444	0.01145	-0.073072	0.013314	0.012962	0.0037939	-0.0072631	0.0072638	-0.12125	-0.020427	-0.057972	-0.039774	-0.036632	0.036479	-0.0064081	-0.010591	-0.0048184	0.0024558	0.0032789	0.004193
0.48365	0.073065	-0.019948	0.01139	-0.0034295	-0.00031789	0.0069553	-0.057602	0.012537	0.0081405	-0.0004994	-0.003662	0.0025744	-0.090699	-0.030506	-0.056374	-0.033388	-0.027303	0.027703	-0.006446	-0.0017646	-0.0029524	0.016976	0.049721	0.00010472
0.62422	0.095239	-0.029882	0.012138	-0.0041883	0.001595	0.0091207	-0.067757	0.012175	0.012062	0.0036303	-0.0071617	0.0071881	-0.11728	-0.021098	-0.057434	-0.03803	-0.034807	0.036443	-0.0045001	-0.0057171	-0.0056459	0.003484	0.0084486	-0.0040039
0.67752	0.19036	1.6489	-0.044205	0.010048	0.0064406	-0.040638	0.18204	-0.018506	-0.016947	-0.0049636	0.0091572	-0.0087872	0.10027	0.0089709	0.024466	0.013252	0.011717	-0.0085575	0.0012066	0.0020456	0.00068479	0.00023543	0.0010197	-0.00067026
0.63945	0.097453	-0.029318	0.010462	-0.0028415	-0.0013723	0.010953	-0.072605	0.013599	0.013304	0.0030292	-0.0069708	0.0068426	-0.121	-0.022461	-0.059625	-0.040291	-0.036591	0.036036	-0.006738	-0.0075785	-0.0037868	0.0038043	0.009709	0.0023275
0.73635	-1.6017	0.052103	-0.018667	0.0073063	0.0030247	-0.055374	0.056299	0.0048085	-0.0093977	-0.003247	0.0061589	-0.0061356	0.10665	0.025188	0.082585	0.28649	-0.65006	0.01699	0.29534	-0.057985	0.0048348	0.34409	-0.057133	0.0022777
0.64539	0.098363	-0.029484	0.010112	-0.0024489	-0.0018742	0.011352	-0.07312	0.013321	0.01285	0.0037133	-0.0072624	0.0071754	-0.12131	-0.021126	-0.058596	-0.039861	-0.036568	0.036619	-0.0063563	-0.010009	-0.0050296	0.0032366	0.0052533	0.0032376
0.59497	0.090422	-0.02629	0.01115	-0.0030728	-0.0012151	0.0095445	-0.068959	0.013914	0.011709	0.001344	-0.0057066	0.0051678	-0.11269	-0.027017	-0.060687	-0.039033	-0.034064	0.033317	-0.0068828	-0.0049168	-0.0029656	0.0097885	0.028456	0.0023533
0.64388	0.098211	-0.029593	0.0095733	-0.0021415	-0.0021746	0.011434	-0.072718	0.013161	0.013152	0.0040504	-0.007444	0.0075271	-0.1213	-0.019124	-0.056664	-0.039381	-0.036484	0.036296	-0.0063657	-0.010866	-0.0047389	0.0012846	-0.00033169	0.0041183
0.6483	0.10106	-0.031804	0.010796	-0.0027154	-0.0018558	0.012148	-0.079613	0.014997	0.015254	0.0040285	-0.0083923	0.008453	-0.14489	-0.027315	-0.08101	-0.063455	-0.060814	0.086114	-0.02458	-0.039199	2.1129	-0.008596	-0.01216	-0.011043
0.63724	0.1049	-0.034395	0.013081	-0.0034104	-0.0020288	0.013563	-0.092963	0.01864	0.017665	0.0039373	-0.0094897	0.0093128	-0.18053	-0.041567	-0.1143	-0.090331	-0.085652	0.12112	-0.030306	-0.043618	-0.047562	0.19087	0.78234	1.2338
0.64032	0.097528	-0.029007	0.010261	-0.0025258	-0.0018419	0.011146	-0.072965	0.013565	0.012761	0.0033307	-0.0069595	0.006855	-0.12055	-0.022213	-0.059245	-0.04002	-0.036362	0.036257	-0.0066361	-0.0093581	-0.0046156	0.0044113	0.0091632	0.0036974
0.65136	0.099367	-0.030959	0.010031	-0.0023701	-0.0014319	0.011142	-0.071871	0.012327	0.013203	0.004716	-0.0081242	0.0081694	-0.12223	-0.017813	-0.056042	-0.038664	-0.036274	0.037152	-0.0050289	-0.0096153	-0.0061071	-0.00027972	-0.0055305	-0.00033853
0.64189	0.11736	-0.047867	0.016084	-0.0036561	-0.002652	0.020246	-0.13509	0.027252	0.03295	0.01428	-0.022104	0.023379	-0.45932	1.8053	0.84694	0.15733	0.1277	-0.065102	0.0065109	0.014595	0.0060446	0.0021547	0.010773	-0.00085564
0.64838	0.098941	-0.030972	0.0098412	-0.0023373	-0.0013779	0.0112	-0.071266	0.011997	0.01316	0.0049887	-0.0082316	0.0083208	-0.12154	-0.016848	-0.054962	-0.038192	-0.036049	0.037166	-0.0049346	-0.010046	-0.0063335	-0.0010977	-0.0083563	-0.00081304
0.64097	0.097637	-0.029241	0.010556	-0.0027021	-0.0016434	0.010873	-0.07296	0.013812	0.013036	0.002895	-0.0069215	0.0067595	-0.12116	-0.022977	-0.060181	-0.040452	-0.036572	0.035744	-0.0062826	-0.0080692	-0.0038817	0.0047272	0.011493	0.0034019
0.63087	0.096089	-0.028563	0.010824	-0.0029222	-0.0013916	0.010555	-0.072117	0.01389	0.012624	0.0024338	-0.0065682	0.0063657	-0.11931	-0.024105	-0.060655	-0.040275	-0.03616	0.035326	-0.006299	-0.0074966	-0.0035764	0.0061094	0.016437	0.0034086
0.64917	0.098992	-0.030083	0.010651	-0.0029079	-0.0011149	0.01096	-0.072903	0.013332	0.013082	0.0035761	-0.007284	0.0073257	-0.12243	-0.021261	-0.059179	-0.040188	-0.036847	0.03692	-0.0058439	-0.008622	-0.0046314	0.0030611	0.0060047	0.0019577
0.64445	0.098421	-0.030633	0.0097218	-0.0024649	-0.0014333	0.011325	-0.071191	0.012145	0.013342	0.004603	-0.0081181	0.0080788	-0.12108	-0.01727	-0.055183	-0.038361	-0.036256	0.036713	-0.0052801	-0.0094616	-0.0055707	-0.0010799	-0.0069299	-0.00078388
0.64882	0.098957	-0.030148	0.0096259	-0.0022033	-0.0021155	0.011501	-0.072921	0.013016	0.013442	0.0041318	-0.0077108	0.0076876	-0.1222	-0.019009	-0.056993	-0.039545	-0.036701	0.036547	-0.0060374	-0.010333	-0.0049311	0.0005581	-0.0020165	0.0029642
0.65674	0.10799	-0.036405	0.012798	-0.003104	-0.002041	0.013953	-0.093529	0.017802	0.018499	0.005248	-0.010698	0.010537	-0.18418	-0.037937	-0.11235	-0.089777	-0.086251	0.12308	-0.028668	-0.041855	-0.053232	0.12151	0.39504	0.357
0.66963	0.13893	-0.073379	0.033887	-0.0085087	-0.0051212	0.040127	-0.33877	0.2144	0.61668	1.212	1.1123	-0.36626	0.62503	0.030723	0.080048	0.039356	0.034212	-0.02413	0.0031139	0.0051515	0.0024098	-0.00027339	0.00088741	-0.00047422
0.65347	0.11361	-0.041392	0.014575	-0.0035688	-0.0024322	0.016564	-0.1112	0.021909	0.023505	0.0070834	-0.014003	0.013916	-0.25325	-0.063554	-0.20645	-0.22655	-0.2446	-2.1188	0.0422	0.05888	0.019146	-0.0066585	-0.0086762	-0.0029483
0.65894	0.10816	-0.036253	0.012904	-0.0032019	-0.0019023	0.01395	-0.093523	0.017819	0.018095	0.0052798	-0.010467	0.010424	-0.18346	-0.038689	-0.11264	-0.089877	-0.085976	0.12247	-0.029732	-0.044271	-0.048857	0.18838	0.77354	1.2317
0.64674	0.11806	-0.047918	0.016159	-0.0036641	-0.0027365	0.020319	-0.13588	0.027557	0.033075	0.01411	-0.022005	0.023282	-0.46024	1.8047	0.84613	0.15684	0.12739	-0.064999	0.0063065	0.014641	0.0062302	0.0025326	0.012022	-0.00023864
0.66067	0.11842	-0.045333	0.016559	-0.0039362	-0.0025712	0.018532	-0.12703	0.025682	0.027695	0.0096165	-0.01744	0.017509	-0.3376	-0.12878	-0.5164	1.9825	0.7089	-0.14336	0.01311	0.019243	0.010213	-0.0030745	-0.00326	0.0018854
0.65428	0.10766	-0.036968	0.012613	-0.0031038	-0.0015618	0.013857	-0.091771	0.01664	0.018266	0.006464	-0.011305	0.011326	-0.18304	-0.033131	-0.10752	-0.08704	-0.085092	0.12479	-0.025454	-0.047941	-0.065512	-0.0005938	-0.47464	-0.44805
0.66811	0.14366	-0.080687	0.039396	-0.0099963	-0.0059876	0.046673	-0.41475	0.48818	-1.3842	-0.15745	0.21624	-0.15551	0.59536	0.038405	0.096419	0.050702	0.044482	-0.037596	0.0056544	0.0077987	0.0065779	-0.0038453	-0.0053402	0.00022049
0.65449	0.11191	-0.048431	-0.085707	-0.020927	0.001144	-0.0015404	-0.055812	0.019129	0.035118	-0.035817	0.005954	0.0015512	-0.13869	-0.034266	-0.099725	-0.082387	-0.079363	0.1488	0.40952	1.7272	-0.00043637	-0.2323	0.019546	0.0004771
0.6525	0.099515	-0.03087	0.0099712	-0.002331	-0.0016369	0.011332	-0.07228	0.012408	0.013295	0.0046207	-0.0081443	0.0080726	-0.12241	-0.018276	-0.056428	-0.038889	-0.036396	0.037077	-0.0052878	-0.0094886	-0.0060314	2.08E-05	-0.0047233	-0.00044324
0.66753	0.13865	-0.073517	0.033666	-0.0083929	-0.0052018	0.040187	-0.33816	0.21404	0.61663	1.2124	1.112	-0.36603	0.62552	0.031799	0.081127	0.039907	0.034455	-0.024137	0.0033202	0.0048912	0.002129	-0.001039	-0.0017391	-0.0012513
0.67951	-0.12907	-0.061224	0.030415	-0.0063878	-0.0034042	0.014963	-0.39968	-1.8148	-0.24484	-0.061506	0.092127	-0.076558	0.39246	0.020571	0.054242	-0.04136	0.23597	-0.04645	-0.53886	0.16274	0.0058988	0.35024	-0.059759	0.0010242
0.71671	-1.2859	0.042498	-0.015186	0.0050412	0.0029777	-0.037309	0.090036	0.2692	0.030757	0.0068593	-0.010021	0.0076578	-0.00083206	0.009463	0.039078	0.19246	-0.46756	0.01052	-0.74557	0.1972	-0.0056342	-0.20006	0.045073	-0.0016734
0.64096	0.097606	-0.029156	0.010603	-0.002662	-0.0017852	0.010883	-0.073073	0.013825	0.012982	0.0028171	-0.0069725	0.0067019	-0.121	-0.023352	-0.06041	-0.040418	-0.036482	0.035788	-0.0063474	-0.0078424	-0.0040476	0.0050633	0.012632	0.0028496
0.63754	0.10509	-0.036438	0.011114	-0.0024788	-0.0019987	0.014128	-0.088741	0.015415	0.018072	0.0074816	-0.011563	0.011961	-0.1782	-0.025788	-0.098786	-0.082767	-0.083041	0.1216	-0.023755	-0.057853	-0.065324	-0.17567	-1.4952	-0.028264
0.033935	0.071815	-0.16965	-1.8218	-0.66802	0.0099147	-0.28856	0.50806	-0.03864	-0.027519	-0.037982	0.031845	-0.026456	0.26601	0.026009	0.077495	0.044326	0.040437	-0.010871	0.24321	0.93064	0.019941	-0.01842	-0.0053041	0.0055642
0.65264	0.099558	-0.030637	0.0098277	-0.0022801	-0.0017943	0.011458	-0.072669	0.012643	0.01329	0.0045294	-0.0079779	0.0079791	-0.12256	-0.018362	-0.056543	-0.039144	-0.036612	0.037098	-0.005632	-0.010092	-0.0056983	0.00020748	-0.0041335	0.00095615
0.65549	0.10737	-0.036269	0.012112	-0.0028618	-0.0019519	0.014028	-0.09098	0.016421	0.017581	0.0065256	-0.010953	0.011045	-0.17809	-0.031086	-0.10184	-0.081521	-0.079643	0.11145	-0.02194	-0.045741	-0.044597	-0.0037206	-0.10507	0.016702
0.64604	0.10639	-0.035562	0.011748	-0.0026546	-0.0025875	0.014279	-0.092636	0.017642	0.018306	0.0055891	-0.010457	0.010643	-0.18175	-0.035085	-0.10886	-0.088498	-0.085496	0.12198	-0.028566	-0.047965	-0.053267	0.092392	0.20649	0.73609
0.63921	0.097638	-0.030638	0.0092489	-0.002125	-0.0015165	0.011308	-0.070041	0.011568	0.012984	0.0053687	-0.0082632	0.0085163	-0.11975	-0.014819	-0.052629	-0.037226	-0.035623	0.036782	-0.0047956	-0.011431	-0.006345	-0.0027094	-0.013472	5.49E-05
0.64761	0.098739	-0.030452	0.010988	-0.0030103	-0.00071877	0.010501	-0.071985	0.013029	0.013057	0.0036833	-0.0074885	0.0074821	-0.12213	-0.021058	-0.058905	-0.039665	-0.036358	0.036852	-0.0053008	-0.0075265	-0.0051255	0.0026842	0.0054842	-0.00016144
0.64736	0.11817	-0.047633	0.016065	-0.0036457	-0.0028775	0.020464	-0.13636	0.027804	0.03302	0.014036	-0.021843	0.023151	-0.46037	1.8044	0.84588	0.15659	0.12721	-0.064898	0.0059825	0.014117	0.0063712	0.0028279	0.012852	0.00070501
0.64942	0.10654	-0.035948	0.011719	-0.002691	-0.0021223	0.014115	-0.09042	0.016275	0.017423	0.006684	-0.010893	0.011099	-0.17709	-0.030136	-0.10069	-0.081114	-0.079465	0.11122	-0.021948	-0.046606	-0.04454	-0.0042395	-0.10687	0.017628
0.64941	0.098957	-0.02992	0.010515	-0.0026216	-0.0016916	0.011036	-0.073336	0.013544	0.013204	0.0033713	-0.0073665	0.0071569	-0.12247	-0.02198	-0.059689	-0.040264	-0.036739	0.036472	-0.0060922	-0.0082458	-0.004642	0.003503	0.0074906	0.0019111
0.64402	0.098059	-0.030241	0.011123	-0.002821	-0.0010113	0.010403	-0.071549	0.012826	0.012784	0.0036781	-0.0077146	0.0073059	-0.1209	-0.021949	-0.059143	-0.039102	-0.035645	0.03669	-0.0053369	-0.0066037	-0.006028	0.0036864	0.0076534	-0.0027445
0.62412	0.094976	-0.028122	0.010908	-0.0029932	-0.0011965	0.010441	-0.071332	0.013693	0.012296	0.0025617	-0.0063632	0.0062219	-0.11783	-0.024345	-0.060291	-0.039855	-0.035593	0.03555	-0.0066449	-0.0072775	-0.0038279	0.0069636	0.0178	0.0023561
0.65317	0.099556	-0.030388	0.01035	-0.0025721	-0.0015738	0.01123	-0.073203	0.013118	0.013276	0.0039761	-0.0076353	0.007556	-0.1229	-0.020574	-0.058657	-0.039924	-0.036728	0.037202	-0.0059933	-0.0089431	-0.0053037	0.0020632	0.0026714	0.00093747
0.67099	0.14521	-0.082108	0.040905	-0.010618	-0.0056613	0.04737	-0.42458	0.50134	-1.4217	-0.16233	0.22241	-0.16022	0.61345	0.03755	0.097858	0.051858	0.045911	-0.038385	0.0055746	0.0098541	0.0065128	-0.0019286	0.00071647	-0.0013517
0.70009	-0.89761	0.020589	-0.0089425	0.0045508	0.0020702	-0.042044	0.0024021	0.030673	0.0026982	0.00073921	-0.00078378	0.00056692	0.015034	0.010538	0.035851	0.19161	-0.48368	0.031017	0.94207	-0.21395	0.010864	0.91324	-0.16216	0.0028572
0.6632	0.12841	-0.10729	0.041181	-0.077083	-0.025063	0.7066	0.46558	-0.032005	-0.010483	-0.02151	0.01546	-0.011756	0.072837	0.0014679	0.0027278	-0.0051631	0.0035805	0.01338	0.21112	0.32939	0.011678	0.44384	-0.057295	0.0064489
0.6438	0.097984	-0.029593	0.011033	-0.0028405	-0.0013398	0.010677	-0.072617	0.013426	0.012794	0.0031799	-0.0072743	0.0068578	-0.12113	-0.023446	-0.060445	-0.039989	-0.036072	0.036325	-0.0060453	-0.0068699	-0.0051296	0.0053002	0.012132	-0.00028774
0.0152	0.016135	-0.036306	-0.29003	-0.048304	0.0066251	-0.044014	0.10287	0.0056453	0.048363	-0.11466	0.046338	-0.024624	0.11327	0.008592	0.025827	0.010959	0.00993	0.034041	0.41833	1.62	0.028009	-0.037959	-0.014764	0.010239
0.64343	0.097951	-0.029612	0.011166	-0.0029597	-0.0011633	0.010507	-0.072471	0.013462	0.012702	0.0031201	-0.0072031	0.0068826	-0.12106	-0.023364	-0.060441	-0.040034	-0.0361	0.036453	-0.00577	-0.0071429	-0.005047	0.0052376	0.012634	0.00017903
0.64849	0.098967	-0.030537	0.0096164	-0.0022988	-0.0017914	0.011561	-0.072109	0.0124	0.013355	0.0046064	-0.0080392	0.008006	-0.12178	-0.01777	-0.055793	-0.038804	-0.036476	0.036834	-0.0056093	-0.010079	-0.005596	-0.00050047	-0.0060225	0.00047807
0.65659	0.10803	-0.03687	0.01255	-0.0030966	-0.0016581	0.014047	-0.092188	0.016706	0.018066	0.0065515	-0.011246	0.011308	-0.18324	-0.033133	-0.10763	-0.087155	-0.085269	0.12506	-0.025517	-0.048666	-0.065623	-0.00042727	-0.47462	-0.44741
0.73407	-1.5427	0.049322	-0.017602	0.0068792	0.0033598	-0.055212	0.050272	0.0041781	-0.0086587	-0.003145	0.0057931	-0.0056802	0.09775	0.022858	0.075171	0.2606	-0.59113	0.016413	0.41256	-0.086139	0.0063742	0.42008	-0.070094	0.0023187
0.64153	0.097734	-0.030046	0.011528	-0.003294	-0.00035813	0.010084	-0.071333	0.013099	0.012731	0.0032767	-0.0073205	0.0070974	-0.12087	-0.022663	-0.059832	-0.039552	-0.035885	0.036572	-0.0053121	-0.0061189	-0.0052104	0.0045246	0.010987	-0.0017502
0.62834	0.095659	-0.028327	0.010692	-0.0028406	-0.0015741	0.010569	-0.072133	0.014009	0.0129	0.0022152	-0.0065351	0.0061939	-0.11897	-0.024511	-0.060736	-0.040373	-0.036049	0.034797	-0.006659	-0.0068599	-0.0032557	0.0061764	0.017062	0.0035583
0.65539	0.10775	-0.036615	0.013446	-0.0034744	-0.0013994	0.013566	-0.092662	0.017369	0.018022	0.0054531	-0.010891	0.010592	-0.1835	-0.03823	-0.11242	-0.088908	-0.085478	0.12456	-0.026648	-0.039502	-0.060556	0.12025	0.32728	-0.68463
0.6421	0.03093	-0.058019	0.044497	-0.029985	-0.012241	0.3171	0.16515	0.0083999	0.00074122	0.0040245	-0.0025838	0.0027146	-0.044687	-0.0045259	-0.027754	-0.018195	-0.040634	0.02839	-0.31986	-0.080495	-0.021209	-0.9395	0.092481	-0.007899
0.65388	0.15193	-0.15976	-0.19407	1.1454	0.11534	-0.32295	0.47651	-0.030967	-0.032703	0.0058127	0.0091316	-0.010681	0.12628	0.013673	0.031701	0.016775	0.014231	-0.014299	-0.013278	-0.056337	0.0019904	-0.004844	-0.013903	0.0054312
0.6355	0.10444	-0.034857	0.014168	-0.0039567	-0.0010111	0.01277	-0.091334	0.017947	0.017315	0.0040301	-0.0098874	0.0093129	-0.17926	-0.043285	-0.11516	-0.089001	-0.083885	0.12204	-0.027666	-0.031339	-0.054889	0.23819	1.0866	-0.90716
0.63863	0.10524	-0.036485	0.011177	-0.0025065	-0.001985	0.014122	-0.088858	0.015451	0.018097	0.0074471	-0.011575	0.011945	-0.17839	-0.025972	-0.099	-0.082845	-0.083083	0.12163	-0.023763	-0.057716	-0.065324	-0.17557	-1.4949	-0.028408
0.65231	0.099355	-0.030372	0.010807	-0.0027665	-0.001291	0.010927	-0.073014	0.013171	0.013151	0.0037156	-0.0075989	0.007394	-0.12275	-0.021714	-0.059526	-0.039995	-0.03651	0.037003	-0.0057835	-0.0076623	-0.0053725	0.0033415	0.0062334	-0.00034299
0.67092	0.15347	-0.17027	-1.6306	-0.66044	0.0026264	-0.2538	0.37202	-0.035308	-0.064327	0.073256	-0.017275	0.0020296	0.075142	0.0046086	0.015377	0.0089234	0.0080821	-0.016077	-0.097803	-0.37502	-0.0051566	0.0080657	0.007424	-0.0023361
0.65801	0.10703	-0.035907	0.012476	-0.0030931	-0.0015508	0.013428	-0.089353	0.016263	0.017206	0.0059016	-0.010505	0.010539	-0.17222	-0.031274	-0.097263	-0.075222	-0.07225	0.094876	-0.016817	-0.030886	-0.028294	0.0045755	-0.020306	-0.0023064
0.72887	-1.491	0.050206	-0.017755	0.0055805	0.0024419	-0.033201	0.1114	0.29331	0.032878	0.0077233	-0.01057	0.0082312	-0.0014569	0.0056275	0.016463	0.027082	-0.034451	-0.013256	-0.60713	0.15516	-0.0033711	-0.24948	0.043546	-0.00024733
0.66636	0.13246	-0.066292	0.030731	-0.0078075	-0.0047497	0.036132	-0.31049	0.33475	-0.92593	-0.10444	0.14214	-0.1013	0.34007	0.01356	0.028543	0.0054943	0.0024675	0.011498	-0.0037499	-0.0069931	-0.0073408	0.0021289	-0.0032234	0.0020261
0.6364	0.097101	-0.030544	0.0095648	-0.0022239	-0.0012646	0.011063	-0.069496	0.011289	0.012706	0.0054251	-0.008278	0.008543	-0.119	-0.015276	-0.052475	-0.036902	-0.035097	0.036828	-0.0044981	-0.011051	-0.006865	-0.0020887	-0.011926	-0.00068934
0.64694	0.09851	-0.030243	0.011186	-0.0029666	-0.00092099	0.010481	-0.072172	0.013095	0.01298	0.0034727	-0.0075363	0.007241	-0.12177	-0.022394	-0.05981	-0.039736	-0.036085	0.036713	-0.0054627	-0.0065928	-0.0054243	0.003986	0.008898	-0.0014253
0.68278	0.11138	-0.18457	0.19062	-0.14658	-0.055731	1.5632	1.0816	-0.076193	-0.056073	-0.0096705	0.025904	-0.025872	0.2652	0.023214	0.065892	0.037671	0.03255	-0.029377	-0.070397	-0.07742	-0.0012054	-0.22412	0.029019	-0.0017093
0.64629	0.098477	-0.030669	0.011245	-0.0030885	-0.00039548	0.010344	-0.071104	0.012475	0.012719	0.004107	-0.0078006	0.0076384	-0.12126	-0.020682	-0.058229	-0.038869	-0.035718	0.037172	-0.004794	-0.0071173	-0.0063519	0.0028272	0.004015	-0.0030204
0.6808	0.20084	1.8329	-0.05064	0.011616	0.0071467	-0.045946	0.20947	-0.022036	-0.019884	-0.0055093	0.010789	-0.010195	0.12292	0.01341	0.033719	0.018441	0.016089	-0.012538	0.0017495	0.0020297	0.0012276	-0.0012962	-0.0032034	-7.79E-05
0.66766	0.13867	-0.073617	0.033871	-0.0085421	-0.0049552	0.040027	-0.33799	0.21399	0.61663	1.2123	1.112	-0.36606	0.62551	0.031533	0.080928	0.039899	0.03447	-0.024142	0.0034295	0.0052939	0.0020721	-0.00091035	-0.0012411	-0.0016321
0.71996	-1.3405	0.044981	-0.016301	0.0054868	0.002857	-0.038711	0.09503	0.27345	0.030834	0.0070102	-0.010061	0.0075957	0.0040782	0.010868	0.042056	0.19537	-0.46923	0.0094057	-0.74363	0.19707	-0.0056042	-0.19637	0.042592	-0.002052
0.6382	0.097442	-0.030712	0.0094277	-0.0021768	-0.0013781	0.011189	-0.069587	0.011299	0.012787	0.0055205	-0.00843	0.008525	-0.11921	-0.014958	-0.052527	-0.036824	-0.035255	0.036939	-0.0046248	-0.010943	-0.0070364	-0.0024408	-0.013416	-0.0017559
0.6528	0.15098	-0.17009	-1.6317	-0.66005	0.0026665	-0.25373	0.37502	-0.036599	-0.064639	0.074402	-0.017622	0.002708	0.078457	0.0090717	0.020237	0.011009	0.0090833	-0.016384	-0.097238	-0.37702	-0.0057977	0.0049999	-0.0026468	-0.0022889
0.65121	0.09926	-0.030031	0.010066	-0.0023988	-0.0019048	0.011408	-0.073405	0.013215	0.013166	0.0039339	-0.0075297	0.0074711	-0.12249	-0.020431	-0.058313	-0.03993	-0.036778	0.036862	-0.0061149	-0.0099091	-0.0051288	0.0021983	0.0023888	0.0027474
0.65383	0.10738	-0.036351	0.013826	-0.0038909	-0.00080194	0.013198	-0.092016	0.017534	0.017708	0.0050132	-0.010469	0.010249	-0.18214	-0.040312	-0.11364	-0.088949	-0.084729	0.1231	-0.027213	-0.032837	-0.055249	0.23559	1.0786	-0.90716
0.6504	0.099152	-0.030001	0.0099417	-0.002333	-0.0019701	0.011492	-0.073282	0.013105	0.01311	0.0040544	-0.0075835	0.0075268	-0.12223	-0.020045	-0.057892	-0.039736	-0.036721	0.036891	-0.006115	-0.010264	-0.0052801	0.0018896	0.0012662	0.0027258
0.63644	0.09719	-0.03035	0.0090353	-0.0019685	-0.0017378	0.011399	-0.069944	0.011523	0.012895	0.0054239	-0.0082153	0.0085001	-0.11917	-0.01462	-0.052117	-0.03706	-0.035438	0.036667	-0.0049735	-0.012048	-0.0064155	-0.0027996	-0.013932	0.0010282
0.63692	0.15794	-0.16857	0.61395	-0.63912	1.3185	-0.68169	0.6504	-0.036849	-0.032928	-0.011026	0.018518	-0.017914	0.17612	0.014077	0.039821	0.021394	0.019122	-0.014983	0.0016044	0.0032399	0.0018628	0.00055399	0.0030835	0.00017208
0.67959	0.20061	1.833	-0.049786	0.011121	0.007749	-0.046465	0.20963	-0.021788	-0.020051	-0.0061069	0.010985	-0.010583	0.12301	0.011344	0.031925	0.018093	0.016186	-0.012604	0.0018821	0.0038204	0.0013417	0.0003034	0.0022567	-0.0014826
0.68047	0.20081	1.8331	-0.05053	0.011522	0.0071389	-0.046004	0.20915	-0.021722	-0.019792	-0.0058793	0.010963	-0.010423	0.12271	0.012578	0.032944	0.018095	0.015911	-0.012768	0.0015685	0.0025528	0.0016402	-0.0007908	-0.0010494	0.00034288
0.63004	0.096074	-0.028468	0.0096058	-0.002338	-0.0022319	0.011232	-0.072398	0.013833	0.013314	0.0028037	-0.0067148	0.0067008	-0.11955	-0.021461	-0.05828	-0.040117	-0.036498	0.034612	-0.0068531	-0.0094067	-0.0027761	0.0031868	0.0077403	0.006443
0.65647	0.10755	-0.036233	0.012198	-0.0028037	-0.0021159	0.014014	-0.091725	0.016894	0.017883	0.0060142	-0.010741	0.010858	-0.17915	-0.033296	-0.10435	-0.083134	-0.080298	0.11103	-0.022894	-0.041206	-0.040218	0.018425	-0.011857	0.023665
0.65721	0.10761	-0.035913	0.012643	-0.0030469	-0.0020047	0.013855	-0.092267	0.017324	0.017634	0.0055812	-0.010483	0.010471	-0.1793	-0.03496	-0.1059	-0.083624	-0.080442	0.11105	-0.023045	-0.040906	-0.040065	0.019851	-0.0074758	0.023868
0.65585	0.10699	-0.03616	0.012886	-0.0032642	-0.0013423	0.013281	-0.089904	0.016511	0.017398	0.0057685	-0.010593	0.010593	-0.17509	-0.033021	-0.10113	-0.078676	-0.075497	0.1018	-0.018975	-0.03315	-0.032012	0.0087749	-0.012204	-0.00073377
0.64161	0.15863	-0.16867	0.61384	-0.63901	1.3182	-0.6815	0.64975	-0.036716	-0.0328	-0.010977	0.018495	-0.017866	0.17535	0.014121	0.03963	0.021128	0.018872	-0.0148	0.0014724	0.0028076	0.0018884	0.00048809	0.0026839	0.0007514
0.66484	-0.095342	-0.08379	0.080317	-0.059256	-0.023128	0.63369	0.41441	0.0029347	-0.01295	0.00052999	0.0046982	-0.004903	0.045246	0.0043457	0.0015698	0.0029985	-0.02965	0.010696	-0.38541	-0.088112	-0.019991	-1.0398	0.11297	-0.0090035
0.65181	0.099398	-0.030681	0.010114	-0.0023847	-0.0016529	0.011253	-0.072261	0.012461	0.012973	0.0045904	-0.0080915	0.0079458	-0.12206	-0.018732	-0.056677	-0.038825	-0.036263	0.037226	-0.0052562	-0.0097063	-0.0063009	0.00082617	-0.0029993	-0.00060747
0.6509	0.099357	-0.030748	0.0098586	-0.0024281	-0.0015278	0.011375	-0.072115	0.012425	0.013233	0.0046423	-0.0080291	0.0080957	-0.1222	-0.017723	-0.055974	-0.038854	-0.036541	0.037168	-0.0053211	-0.010161	-0.0057164	-0.00042255	-0.005641	0.00039655
0.67917	-0.41552	-0.0056959	0.0012889	0.00064269	0.00047217	-0.013586	-0.021589	0.19681	0.036833	0.0098402	-0.016582	0.014924	-0.17657	-0.047383	-0.16247	-0.66436	1.5746	-0.05031	0.22645	-0.049943	0.0032261	0.0051694	-0.00095807	-0.00037321
0.67242	-0.023316	-0.05744	0.026923	-0.0057337	-0.003505	0.016533	-0.3379	-1.4518	-0.1931	-0.048275	0.072023	-0.059584	0.28665	0.012032	0.029851	-0.057737	0.23035	-0.038004	-0.63265	0.18744	0.0052959	0.446	-0.078076	0.0019393
0.66164	0.12071	-0.085648	0.071577	-0.053366	-0.020369	0.55375	0.32996	-0.022762	-0.011022	-0.0019329	0.0044144	-0.0043147	0.013995	-0.0051197	-0.01512	-0.014596	-0.0062516	0.015529	0.1274	0.064976	0.0043191	0.40797	-0.048594	0.0024464
0.64542	0.09834	-0.029906	0.011117	-0.0030861	-0.00096587	0.010617	-0.072441	0.013343	0.012938	0.0032109	-0.0073192	0.0070355	-0.12162	-0.022815	-0.060166	-0.040021	-0.036373	0.03668	-0.0058271	-0.006692	-0.0048264	0.0043647	0.010773	-0.0007043
0.6579	0.10824	-0.036645	0.012405	-0.0029592	-0.0020904	0.014277	-0.09317	0.017181	0.018244	0.0061796	-0.011058	0.011048	-0.18398	-0.034456	-0.10915	-0.088299	-0.086031	0.12493	-0.027332	-0.050076	-0.062227	0.025734	-0.30513	0.22418
0.65106	0.099233	-0.030737	0.010713	-0.0027646	-0.0010377	0.010848	-0.072187	0.012663	0.013179	0.0040369	-0.0078063	0.0076725	-0.12234	-0.020427	-0.058347	-0.039387	-0.036297	0.037178	-0.0053623	-0.0074406	-0.0057906	0.0020251	0.0022036	-0.0015639
0.68872	-0.65416	0.0089199	-0.003956	0.0020836	0.0013155	-0.021933	0.007464	0.14981	0.023463	0.0059845	-0.0096584	0.0083696	-0.071108	-0.011915	-0.037025	-0.099858	0.2082	-0.0006207	-0.00035049	0.0057568	0.00027217	0.069341	-0.010885	-0.0013331
0.6796	0.13758	-0.17418	0.17716	-0.13633	-0.05207	1.4522	0.99722	-0.075503	-0.051707	-0.0094682	0.02412	-0.023984	0.24115	0.020168	0.058884	0.032056	0.035643	-0.027794	0.042005	-0.04512	0.0046287	0.10195	-0.0079892	0.0017632
0.64822	0.098858	-0.029805	0.010178	-0.0025575	-0.0018552	0.011353	-0.073318	0.013435	0.013238	0.0034925	-0.0073964	0.0072071	-0.12219	-0.021279	-0.059002	-0.040161	-0.036895	0.036457	-0.006261	-0.0089489	-0.0044844	0.0027943	0.0053825	0.002312
0.66457	0.13856	-0.076325	-0.020717	-0.018559	-0.0045687	0.030794	-0.31	0.22906	0.79556	-1.5038	0.54646	-0.25427	0.56993	0.030935	0.076747	0.03805	0.032822	-0.028413	-0.045621	-0.18165	-0.00059054	0.0030146	0.0015661	-0.0012994
0.65398	0.099657	-0.030395	0.010553	-0.0026531	-0.0014622	0.011154	-0.073261	0.01312	0.013099	0.0039079	-0.0076286	0.0075264	-0.12291	-0.020975	-0.058938	-0.039977	-0.036731	0.037168	-0.0057383	-0.0089058	-0.0054145	0.0026763	0.0039977	0.00090018
0.64984	0.098955	-0.030074	0.010674	-0.0026089	-0.0016377	0.010979	-0.073118	0.01329	0.013108	0.0035405	-0.007557	0.0072077	-0.12223	-0.022185	-0.059665	-0.039953	-0.036432	0.036713	-0.006035	-0.0075791	-0.005266	0.0038213	0.0076448	-0.00018701
0.65248	0.099473	-0.030849	0.010451	-0.0025784	-0.001331	0.011083	-0.072138	0.012438	0.013048	0.0044567	-0.0081178	0.0079073	-0.12224	-0.019374	-0.057339	-0.038918	-0.036209	0.03731	-0.0051725	-0.0085479	-0.0063486	0.0012061	-0.0011859	-0.0020599
0.65744	0.10833	-0.038338	-0.001893	-0.0062464	-0.00082074	0.011193	-0.086025	0.017459	0.021659	-0.0034445	-0.0071879	0.0087299	-0.17129	-0.035793	-0.10639	-0.08534	-0.082292	0.14055	0.29942	1.3003	-0.0083905	-0.22376	0.020785	-0.0021516
0.65198	0.099385	-0.030909	0.010377	-0.0024966	-0.0013602	0.011085	-0.071938	0.012286	0.012977	0.0046245	-0.0081837	0.0080106	-0.12203	-0.018932	-0.056887	-0.038691	-0.03608	0.037302	-0.0049958	-0.0088789	-0.006585	0.00093028	-0.0025279	-0.0020508
0.65715	0.10801	-0.036696	0.013138	-0.0033415	-0.0015322	0.013762	-0.092741	0.017205	0.018039	0.0057843	-0.010967	0.010796	-0.18354	-0.036951	-0.11117	-0.088466	-0.085375	0.12525	-0.025889	-0.042711	-0.064841	0.10499	0.1701	-0.66139
0.69562	-0.72003	0.0094239	-0.0046218	0.002761	0.00093769	-0.026669	0.0048239	0.24157	0.040102	0.010432	-0.017058	0.015046	-0.15918	-0.043957	-0.15377	-0.66534	1.5986	-0.057352	0.17527	-0.031505	0.004246	0.023039	-0.0036246	0.0013232
0.66151	0.13348	-0.15894	0.16136	-0.12377	-0.044564	1.3029	0.89111	-0.067663	-0.046183	-0.0082269	0.021319	-0.021118	0.20911	0.016101	0.048853	0.026571	0.030893	-0.022815	0.045548	-0.042573	0.0038707	0.11452	-0.0063835	-0.00028022
0.67042	0.15342	-0.17037	-1.6308	-0.66035	0.0025975	-0.25373	0.37235	-0.035568	-0.06442	0.073555	-0.017406	0.0022087	0.075413	0.00547	0.016194	0.0092585	0.0081905	-0.016052	-0.097589	-0.37561	-0.0054387	0.0074848	0.0051834	-0.0022547
0.65948	0.11496	-0.042617	0.016204	-0.0040819	-0.0020159	0.016944	-0.11815	0.023901	0.025242	0.0080941	-0.015625	0.015456	-0.30299	-0.11428	-0.44827	1.6813	0.59877	-0.1179	0.010411	0.017096	0.0083202	-0.00075792	0.003048	0.00056928
0.71833	-1.2506	0.038986	-0.014795	0.0054477	0.0024828	-0.040066	0.077922	0.3087	0.039689	0.0093712	-0.014144	0.011605	-0.055604	-0.0069638	-0.020692	-0.064557	0.14338	-0.0085007	-0.68927	0.18881	-0.0043922	-0.1913	0.043953	0.00060252
0.66559	0.16209	-0.16967	0.61311	-0.63818	1.3166	-0.6805	0.64664	-0.036368	-0.032047	-0.010687	0.017967	-0.017436	0.17136	0.014426	0.038716	0.020283	0.017868	-0.014143	0.0012878	0.0023687	0.0017864	-0.00034939	-0.00013694	0.0011831
0.66887	0.13877	-0.072593	0.033246	-0.0081655	-0.0056319	0.039463	-0.32849	0.18114	0.39818	0.27415	-1.461	-0.93189	0.68876	0.032	0.084094	0.041042	0.035855	-0.025621	0.0028094	0.0052432	0.0030636	0.00011229	0.0026114	0.00069716
0.67914	-0.12905	-0.061327	0.030152	-0.0063182	-0.0034589	0.0151	-0.39941	-1.815	-0.24487	-0.061197	0.091997	-0.076394	0.3926	0.021549	0.055098	-0.041054	0.23595	-0.046359	-0.53879	0.16208	0.0057537	0.34951	-0.062214	0.001071
0.66902	0.13884	-0.072922	0.033099	-0.0080868	-0.0055895	0.0395	-0.328	0.18077	0.39823	0.27446	-1.4612	-0.9316	0.68887	0.033075	0.085035	0.041459	0.035977	-0.025648	0.0031371	0.0050744	0.0028006	-0.00077622	-0.00023178	8.84E-05
0.65369	0.099631	-0.030893	0.010403	-0.0025414	-0.0013355	0.011088	-0.072396	0.012555	0.013195	0.0044459	-0.0080058	0.0079345	-0.12266	-0.019362	-0.057482	-0.039154	-0.036342	0.037388	-0.0053474	-0.0085701	-0.0060943	0.0011491	-0.0012501	-0.0012791
0.70395	-0.99728	0.024999	-0.010632	0.0051881	0.0022513	-0.045655	0.0081672	0.027373	0.0011677	0.00052938	-4.61E-05	-2.41E-05	0.024486	0.011853	0.036879	0.17133	-0.42178	0.026069	0.99328	-0.22679	0.011628	0.92081	-0.16568	0.0034297
0.65867	0.11495	-0.043017	0.016027	-0.0041232	-0.0017379	0.016888	-0.11741	0.023548	0.025433	0.0084124	-0.015805	0.015799	-0.303	-0.11274	-0.44706	1.6817	0.59881	-0.11788	0.010774	0.017076	0.0083238	-0.0021494	-0.0007652	0.00021033
0.64457	0.098214	-0.030215	0.010863	-0.002891	-0.001132	0.010671	-0.072011	0.013032	0.013231	0.0033761	-0.0076079	0.0072402	-0.12148	-0.021886	-0.059286	-0.039623	-0.036236	0.036189	-0.00548	-0.0062993	-0.0049071	0.0032534	0.0071282	-0.0015608
0.67408	0.14487	-0.1658	0.16175	-0.12707	-0.047879	1.3432	0.91366	-0.071105	-0.045431	-0.00962	0.021698	-0.021139	0.206	0.016456	0.044941	0.020812	0.030053	-0.014979	0.16814	0.070916	0.010187	0.48765	-0.059522	0.0040392
0.6701	-0.12246	-0.036942	0.015824	-0.0032831	-0.0017273	0.0069869	-0.19057	-0.68081	-0.085523	-0.020627	0.030373	-0.02439	0.079495	-0.00091628	-0.0071454	0.039344	-0.17864	0.056064	1.125	-0.34679	-0.014364	-1.3108	0.23443	-0.004584
0.65384	0.099681	-0.030636	0.010665	-0.0027093	-0.0012633	0.011032	-0.072725	0.012847	0.012914	0.0041227	-0.0078296	0.0076482	-0.12264	-0.020477	-0.058524	-0.039502	-0.036522	0.037293	-0.0053113	-0.0087159	-0.0059782	0.0024036	0.0025345	-0.00062384
0.65339	0.099667	-0.030802	0.010124	-0.0024604	-0.001533	0.011277	-0.072575	0.012684	0.013343	0.0043658	-0.0079741	0.007936	-0.12281	-0.018897	-0.057168	-0.039285	-0.036631	0.0371	-0.0054442	-0.0090905	-0.005592	0.00057646	-0.0024565	-8.07E-05
0.70703	-0.94512	0.019434	-0.007064	0.0029592	0.0013618	-0.024576	0.031437	0.24467	0.037288	0.0094265	-0.015169	0.013127	-0.12728	-0.038434	-0.1368	-0.63898	1.5646	-0.063522	0.23458	-0.053314	0.0052157	-0.012226	-0.0014867	0.00021129
0.65212	0.099377	-0.030793	0.01058	-0.0025875	-0.0013433	0.010965	-0.072302	0.01264	0.013164	0.0041809	-0.0080208	0.0077525	-0.12235	-0.020151	-0.058065	-0.039199	-0.036244	0.037003	-0.0052525	-0.0079162	-0.0060541	0.0017866	0.0010625	-0.0019059
0.67089	0.15045	-0.087302	0.043997	-0.01159	-0.0057351	0.050433	-0.45484	0.53819	-1.5258	-0.17429	0.23864	-0.17187	0.65392	0.038146	0.098318	0.049038	0.042538	-0.029216	0.0035104	0.0059143	0.0017798	0.00015661	0.0011898	-0.00081111
0.66964	0.13856	-0.072266	0.032182	-0.0079365	-0.00495	0.03838	-0.31408	0.15243	0.29005	0.16214	-0.4416	1.7018	0.75919	0.032264	0.086822	0.042467	0.037161	-0.026656	0.0029565	0.0056672	0.0031817	0.00010751	0.0026535	0.00051232
0.6554	0.10705	-0.035806	0.011992	-0.0028678	-0.0020829	0.013948	-0.090545	0.016634	0.017578	0.005901	-0.010545	0.010641	-0.17513	-0.031845	-0.10014	-0.078773	-0.075938	0.10152	-0.019355	-0.034915	-0.03159	0.0077576	-0.01532	0.0017902
0.65803	0.10818	-0.036738	0.012999	-0.0031938	-0.0016913	0.013802	-0.092898	0.017219	0.018049	0.0059289	-0.010986	0.010949	-0.1839	-0.036113	-0.11054	-0.088492	-0.085513	0.12506	-0.026412	-0.045409	-0.063143	0.080134	0.023443	-0.14806
0.64154	0.10572	-0.036712	0.012219	-0.0028902	-0.0014589	0.013703	-0.089326	0.015628	0.017527	0.0071933	-0.011538	0.011594	-0.17938	-0.031174	-0.10445	-0.084853	-0.083341	0.12388	-0.025192	-0.049137	-0.068436	0.032248	-0.32115	-0.45843
0.6623	0.11985	-0.047175	0.017383	-0.0042179	-0.0027183	0.019786	-0.13714	0.029015	0.032157	0.011039	-0.020153	0.020495	-0.43564	-0.99074	1.692	0.19023	0.14727	-0.070448	0.0072613	0.012546	0.0062967	-0.00065561	0.0024448	0.00042545
0.67397	0.16517	-0.17134	0.5496	-0.42683	-1.3521	-0.77859	0.68624	-0.039056	-0.034618	-0.01061	0.018983	-0.017857	0.17945	0.015669	0.041255	0.021828	0.01914	-0.014632	0.0016767	0.0023865	0.001504	-0.000638	-0.0013124	0.00034825
0.65401	0.099697	-0.03068	0.010239	-0.0024762	-0.0015289	0.011216	-0.072782	0.012759	0.013187	0.0043646	-0.0078739	0.0078828	-0.12283	-0.019299	-0.057411	-0.039432	-0.036579	0.037156	-0.005403	-0.0095851	-0.0057266	0.0011725	-0.0012661	0.00085933
0.72481	-1.4195	0.046727	-0.016569	0.0056415	0.0026268	-0.039587	0.092631	0.27986	0.032882	0.007194	-0.010849	0.0083909	-0.020308	-0.0030347	-0.0087922	-0.077153	0.21535	-0.020447	-0.30381	0.085371	0.00057493	-0.070501	0.016745	-0.00020336
0.6523	0.099414	-0.030699	0.010568	-0.0026449	-0.0013919	0.01106	-0.072456	0.012668	0.013092	0.0041412	-0.0079917	0.0076996	-0.12234	-0.020316	-0.058198	-0.039271	-0.036338	0.037126	-0.0053044	-0.0080034	-0.0060013	0.0020103	0.001622	-0.0019111
0.64863	0.098758	-0.029805	0.010599	-0.0025387	-0.0017557	0.011014	-0.073288	0.013456	0.012981	0.0034536	-0.0073672	0.0071231	-0.12201	-0.0223	-0.059767	-0.0401	-0.036458	0.03658	-0.0061296	-0.0082436	-0.0050787	0.0041878	0.0085023	0.0012686
0.65506	0.1075	-0.03591	0.012788	-0.0030437	-0.0021595	0.014	-0.093213	0.017518	0.017937	0.005604	-0.010691	0.010507	-0.18233	-0.036328	-0.10971	-0.087519	-0.084601	0.12378	-0.02653	-0.048122	-0.066995	0.035768	-0.30915	-0.45543
0.67481	-0.33894	-0.0061092	0.00081865	0.00067688	-0.00010537	-0.01015	-0.016908	0.16154	0.029222	0.0077021	-0.01266	0.011338	-0.11489	-0.017004	-0.048926	-0.04988	0.022514	0.020361	-0.5646	0.14777	-0.0076091	-0.17235	0.040034	0.00077677
0.65439	0.09977	-0.030602	0.010307	-0.002558	-0.0014916	0.011249	-0.07306	0.012954	0.013301	0.0041689	-0.0077533	0.007725	-0.1231	-0.019956	-0.058148	-0.039729	-0.036754	0.037303	-0.0058236	-0.0090316	-0.0054223	0.0015451	0.00072528	0.00054296
0.6498	0.099141	-0.030965	0.010071	-0.0024565	-0.0013333	0.011188	-0.071476	0.012066	0.013067	0.0048572	-0.0082549	0.0082034	-0.12169	-0.017643	-0.055721	-0.038334	-0.036085	0.037302	-0.0049496	-0.0094678	-0.0064715	-0.00039401	-0.0060988	-0.0018203
0.67108	-0.10746	-0.036818	0.016114	-0.0034057	-0.0016573	0.0071378	-0.18725	-0.65356	-0.081697	-0.02007	0.029115	-0.023419	0.070239	-0.0034255	-0.011167	0.036475	-0.17755	0.056911	1.1165	-0.34418	-0.014302	-1.3075	0.23836	-0.0042718
0.65174	0.099288	-0.030783	0.010832	-0.0027755	-0.00098995	0.01074	-0.072195	0.012724	0.013155	0.0041064	-0.0078298	0.0077218	-0.12247	-0.020499	-0.058396	-0.039388	-0.03621	0.037201	-0.0053208	-0.0075428	-0.0058604	0.0021942	0.0025916	-0.0017363
0.65906	0.13651	-0.073579	0.036786	-0.0096846	-0.004594	0.041148	-0.36899	0.42547	-1.1987	-0.137	0.1868	-0.13453	0.49963	0.026263	0.071175	0.036256	0.032178	-0.023975	0.0031268	0.0075978	0.0029953	0.001336	0.0069223	-0.0027355
0.65421	0.099707	-0.030836	0.010749	-0.0027755	-0.0010374	0.010909	-0.072478	0.012698	0.013112	0.0042281	-0.007902	0.0077692	-0.1228	-0.020241	-0.058259	-0.039415	-0.036412	0.037397	-0.0053392	-0.0081419	-0.0060507	0.0019482	0.0014887	-0.0012957
0.66728	0.13467	-0.068364	0.0302	-0.0074055	-0.0047424	0.035869	-0.29198	0.13984	0.2653	0.14806	-0.40314	1.5513	0.68265	0.027717	0.074841	0.036045	0.031424	-0.0219	0.0024056	0.0048674	0.0023533	0.00036068	0.0027847	-0.00016443
0.66577	0.15168	-0.15256	-0.17754	1.0666	0.10779	-0.2998	0.43365	-0.02679	-0.029129	0.0062673	0.0071056	-0.0089591	0.095607	0.0054584	0.013153	0.0044093	0.0031103	0.00034341	-0.030547	-0.11902	-0.0054421	0.0070764	0.0093135	-0.0075304
0.72532	-1.3996	0.040922	-0.012706	0.004133	0.0016903	-0.025409	0.061021	0.020796	-0.0056262	-0.0022226	0.0043108	-0.0045044	0.080932	0.018417	0.06288	0.22536	-0.51603	0.01092	-0.31132	0.071993	-0.0040353	-0.25291	0.047174	-0.00028587
0.67529	0.16534	-0.1712	0.5497	-0.42692	-1.3521	-0.77859	0.68571	-0.03874	-0.034455	-0.010929	0.019151	-0.018054	0.17897	0.014809	0.04039	0.021341	0.018909	-0.01468	0.0014508	0.0027143	0.0018708	-0.00018039	0.00069341	0.00098208
0.66058	0.16147	-0.16983	0.61254	-0.63795	1.3167	-0.68036	0.64783	-0.036957	-0.031974	-0.010078	0.017679	-0.01702	0.17234	0.016768	0.041055	0.021161	0.018166	-0.01428	0.0014419	0.0014506	0.0015207	-0.0021697	-0.0059974	0.0010798
0.64592	0.10438	-0.046191	-0.12036	-0.025413	0.0018899	-0.0087778	-0.023921	0.014732	0.034269	-0.047147	0.013186	-0.0034406	-0.067336	-0.015155	-0.043879	-0.032701	-0.030399	0.05385	0.21488	0.84516	0.0092773	-0.0179	-0.0079949	0.0050036
0.65481	0.10772	-0.036641	0.013667	-0.003812	-0.00063799	0.013401	-0.091968	0.017045	0.017539	0.005916	-0.010807	0.010764	-0.18286	-0.03698	-0.11107	-0.088276	-0.08518	0.12559	-0.025669	-0.043089	-0.065186	0.10546	0.17092	-0.66162
0.65538	0.10666	-0.0359	0.012119	-0.0028174	-0.0018104	0.013546	-0.088922	0.015995	0.01719	0.0062218	-0.010665	0.01073	-0.1717	-0.030245	-0.096157	-0.074729	-0.071989	0.09478	-0.016809	-0.031359	-0.028539	0.0038926	-0.022834	-0.0023955
0.65857	0.13766	-0.075708	-0.020788	-0.018514	-0.0047493	0.030792	-0.30985	0.22923	0.7952	-1.504	0.54672	-0.25451	0.57099	0.030565	0.076712	0.038075	0.032977	-0.028676	-0.045675	-0.18216	-0.00041643	0.0037192	0.0033541	-0.00031554
0.67621	0.17016	-0.19613	-0.31207	1.3554	0.14015	-0.4002	0.60702	-0.036369	-0.02799	-0.025502	0.024699	-0.021272	0.19515	0.015205	0.04493	0.02414	0.021819	-0.008918	0.090351	0.34711	0.0083146	-0.0074393	-0.00080105	0.002787
0.65754	0.10815	-0.036578	0.012449	-0.0030029	-0.0019774	0.014168	-0.093152	0.017283	0.018297	0.0060962	-0.010902	0.011055	-0.18398	-0.034275	-0.10885	-0.088503	-0.086118	0.12427	-0.027717	-0.051751	-0.058386	0.014978	-0.33442	0.80596
0.65661	0.10795	-0.036544	0.012845	-0.0031095	-0.001873	0.013971	-0.093021	0.017241	0.018055	0.0059075	-0.010942	0.010893	-0.18369	-0.036194	-0.11049	-0.088545	-0.085558	0.12491	-0.026568	-0.045742	-0.063032	0.080197	0.023504	-0.14762
0.65012	0.099237	-0.030734	0.010112	-0.0026413	-0.0012935	0.011253	-0.072088	0.012562	0.013335	0.0042845	-0.0079164	0.0078979	-0.12225	-0.018661	-0.05684	-0.039152	-0.036654	0.036953	-0.0053122	-0.0088221	-0.0053007	0.00031592	-0.0028894	-0.00031017
0.6631	0.12056	-0.047532	0.017859	-0.0043411	-0.0028202	0.020064	-0.13963	0.029705	0.032567	0.011069	-0.02046	0.020674	-0.44542	-1.021	1.7432	0.19666	0.15258	-0.073223	0.0074871	0.01353	0.0064643	0.00033228	0.0052254	-0.00010922
0.65449	0.099785	-0.03053	0.010292	-0.0025416	-0.0015555	0.011285	-0.073184	0.012993	0.013235	0.0040911	-0.0077449	0.0076802	-0.123	-0.020073	-0.058236	-0.039812	-0.036801	0.03711	-0.0056769	-0.0092868	-0.0054417	0.0017581	0.00098147	0.0011582
0.65365	0.099645	-0.030546	0.010236	-0.0024604	-0.0016146	0.011278	-0.072866	0.012756	0.013008	0.0043607	-0.0078616	0.007787	-0.12257	-0.019589	-0.057603	-0.039393	-0.03654	0.037263	-0.00552	-0.0098261	-0.0059836	0.00153	-0.00048881	0.00078935
0.66709	0.13863	-0.072982	0.033027	-0.0081338	-0.0054032	0.039488	-0.32743	0.18049	0.39797	0.27476	-1.4613	-0.93148	0.68942	0.033893	0.085836	0.041878	0.03608	-0.025425	0.0033481	0.0045727	0.0025116	-0.0011444	-0.0019449	-0.00018694
0.65211	0.099399	-0.030942	0.010414	-0.0025331	-0.0012726	0.011032	-0.07188	0.012266	0.013003	0.0046287	-0.0081546	0.0080386	-0.12208	-0.01886	-0.056813	-0.038697	-0.036062	0.03742	-0.0049639	-0.0087575	-0.0065844	0.00089454	-0.0026366	-0.0019998
0.64561	0.098544	-0.030398	0.0095044	-0.0021735	-0.0017317	0.011456	-0.071547	0.012174	0.012885	0.0049856	-0.0079999	0.0081391	-0.12093	-0.016826	-0.054718	-0.038213	-0.03611	0.037093	-0.0053524	-0.011468	-0.0062538	-0.0007388	-0.0080251	0.0014753
0.67069	0.15235	-0.15255	-0.17726	1.0664	0.1078	-0.29984	0.43272	-0.026331	-0.028891	0.0058318	0.007276	-0.0091747	0.094571	0.0041647	0.01175	0.0036544	0.0027688	0.00025888	-0.030763	-0.11845	-0.0050317	0.0078498	0.012206	-0.0069842
0.6688	0.13921	-0.07684	-0.020806	-0.018487	-0.0043926	0.03088	-0.30975	0.22861	0.79555	-1.5033	0.54619	-0.25387	0.56961	0.032233	0.077755	0.038453	0.032897	-0.027881	-0.045326	-0.18202	-0.0012143	0.0021222	-0.0019333	-0.001984
0.67182	0.16486	-0.17127	0.55042	-0.42748	-1.3512	-0.77914	0.68652	-0.03878	-0.034718	-0.01122	0.019309	-0.018215	0.17947	0.013928	0.039642	0.02138	0.019055	-0.014619	0.0018059	0.0039575	0.0019278	0.00062434	0.0036872	-0.00043827
0.67607	-0.10242	-0.053284	0.025256	-0.0052011	-0.0032869	0.013385	-0.3288	-1.433	-0.19136	-0.047806	0.071569	-0.059203	0.29064	0.014167	0.035521	-0.03003	0.1562	-0.027604	-0.32159	0.095294	0.0033557	0.18803	-0.033145	0.0015761
0.6689	0.15325	-0.17026	-1.6308	-0.6604	0.0026468	-0.2538	0.37254	-0.035571	-0.064584	0.073549	-0.017372	0.0021949	0.075696	0.0056681	0.016467	0.0093799	0.0082106	-0.016061	-0.097478	-0.37592	-0.0054529	0.0074769	0.0051586	-0.0019292
0.65178	0.10706	-0.036195	0.013681	-0.0036743	-0.0011039	0.013239	-0.092189	0.017577	0.017851	0.0051184	-0.01054	0.010333	-0.18229	-0.038322	-0.11186	-0.088756	-0.085124	0.12266	-0.027864	-0.044614	-0.054097	0.094936	0.21431	0.7314
0.66704	0.1382	-0.072294	0.032079	-0.0078741	-0.0049597	0.038382	-0.3135	0.15212	0.28983	0.16241	-0.44174	1.7019	0.75987	0.033012	0.087651	0.042948	0.037417	-0.02659	0.0032223	0.0052451	0.0028376	-0.00026563	0.0010442	3.94E-06
0.66193	0.12201	-0.055032	0.024178	-0.0060205	-0.0038268	0.028307	-0.235	0.23193	-0.62625	-0.069444	0.094054	-0.066292	0.19055	0.0026912	-0.00085022	-0.010987	-0.012325	0.024563	-0.0054029	-0.010292	-0.0096193	0.0025921	-0.0041188	0.0017721
0.72863	-1.3799	0.035515	-0.011905	0.0051528	0.0022345	-0.042719	0.012012	-0.077088	-0.015136	-0.0039939	0.0066399	-0.0058545	0.050486	-0.0012725	-0.016039	-0.19565	0.53638	-0.027124	0.9038	-0.219	0.010447	0.37171	-0.071825	0.0013777
0.65765	0.11095	-0.038887	0.014228	-0.0034206	-0.0021879	0.015234	-0.10391	0.020315	0.020932	0.0064085	-0.012566	0.012427	-0.22751	-0.056893	-0.17975	-0.19249	-0.20642	-1.7415	0.034026	0.047398	0.014489	-0.0035985	-0.0030806	-0.0023795
0.67758	0.19477	1.729	-0.047073	0.010744	0.0067174	-0.042911	0.19393	-0.019985	-0.018347	-0.0052089	0.0099588	-0.0094324	0.11023	0.010972	0.02857	0.015463	0.013531	-0.01032	0.0014139	0.001546	0.0009867	-0.00040625	-0.00083184	0.00033332
0.66768	0.1365	-0.070608	0.032019	-0.0078038	-0.0052949	0.037817	-0.31417	0.17193	0.37793	0.26024	-1.3851	-0.88255	0.64738	0.030158	0.077841	0.037695	0.032709	-0.022861	0.0027848	0.0048479	0.002343	-0.00033452	0.00066963	-0.00041284
0.65703	0.1191	-0.04731	0.017259	-0.0042032	-0.0024399	0.019695	-0.13583	0.028316	0.031816	0.011629	-0.020379	0.020862	-0.43436	-0.98913	1.6938	0.19116	0.14778	-0.07025	0.0078073	0.011884	0.0056557	-0.0015887	-0.0011049	-0.00036034
0.65426	0.099729	-0.030656	0.010244	-0.0024203	-0.0016909	0.011279	-0.072982	0.012835	0.013289	0.0042087	-0.0079455	0.0077457	-0.12286	-0.019903	-0.057981	-0.039495	-0.036575	0.037017	-0.0056545	-0.008862	-0.0057722	0.0014836	4.47E-05	-0.00014769
0.72622	-1.3257	0.025174	0.0017926	-0.0066113	-0.0021517	0.087924	0.13954	0.068938	-5.02E-05	0.00014473	0.0016264	-0.0022503	0.056189	0.0080439	0.020089	0.0051559	0.028568	-0.011361	-0.33978	0.025619	-0.008234	-0.61976	0.085912	-0.004408
0.66461	0.13784	-0.072346	0.031875	-0.0077622	-0.0049585	0.03838	-0.31309	0.15193	0.29002	0.16257	-0.4418	1.7021	0.76011	0.03369	0.088441	0.043182	0.03755	-0.026788	0.0031848	0.0051936	0.0029017	-0.00093412	-0.00076546	0.00018343
0.65428	0.11017	-0.038188	0.01388	-0.0033396	-0.0024089	0.015272	-0.10343	0.020531	0.020966	0.0058932	-0.012128	0.011948	-0.22447	-0.056588	-0.17709	-0.18884	-0.20215	-1.6956	0.03241	0.046132	0.014802	-0.0031174	-0.0010807	-0.00089138
0.67737	0.17907	-0.21459	-0.27445	1.6079	0.16323	-0.45786	0.68968	-0.046026	-0.04949	0.0051926	0.015495	-0.018156	0.20668	0.016586	0.048797	0.027211	0.024426	-0.021136	-0.02544	-0.1019	-0.00026446	0.0046135	0.0088424	-0.0039466
0.65484	0.099787	-0.030595	0.010384	-0.0024796	-0.0015969	0.01123	-0.073124	0.012924	0.013159	0.0041638	-0.00782	0.0077125	-0.12296	-0.020238	-0.05832	-0.039673	-0.036607	0.037149	-0.0056082	-0.0090825	-0.0057407	0.0020143	0.0014007	0.00040582
0.65352	0.099614	-0.030896	0.010404	-0.0024889	-0.0013824	0.011048	-0.072335	0.012533	0.013095	0.0044207	-0.008028	0.0079175	-0.1225	-0.01934	-0.057431	-0.039081	-0.036316	0.037224	-0.0050817	-0.0087822	-0.0062404	0.0012177	-0.0013429	-0.00091603
0.67564	0.17448	-0.20584	-0.26363	1.54	0.15576	-0.43787	0.65993	-0.044193	-0.047326	0.0051837	0.014925	-0.017273	0.20058	0.018824	0.051811	0.029551	0.02639	-0.025442	-0.016369	-0.06865	0.0031847	-0.0018807	-0.0049138	0.0038049
0.6534	0.099569	-0.030786	0.010248	-0.0023775	-0.0015745	0.011205	-0.072457	0.012477	0.013082	0.0045693	-0.0080841	0.0079509	-0.1224	-0.019164	-0.057132	-0.03898	-0.036228	0.037284	-0.0053095	-0.0092301	-0.0064272	0.0010693	-0.0021084	-0.00077926
0.70889	-0.77347	-0.020399	0.01374	-0.0017886	-0.0013762	-0.0076147	-0.256	-1.3057	-0.18081	-0.045599	0.069151	-0.057814	0.32833	0.02513	0.068952	0.087788	-0.12797	0.0024492	0.72912	-0.21023	-0.0019775	-0.59437	0.10505	-0.0014443
0.65776	0.10823	-0.036759	0.012437	-0.0029823	-0.0019859	0.014209	-0.092943	0.017074	0.018249	0.0062662	-0.011116	0.011131	-0.18394	-0.034201	-0.10892	-0.08817	-0.085958	0.12497	-0.027217	-0.049986	-0.062318	0.02552	-0.30572	0.22389
0.65749	0.16101	-0.16951	0.61315	-0.63846	1.3173	-0.68078	0.64803	-0.036665	-0.032215	-0.010489	0.018058	-0.017354	0.17264	0.01547	0.039989	0.020771	0.018138	-0.01431	0.0013683	0.0018988	0.0018287	-0.00098541	-0.0020409	0.0014195
0.67861	0.17488	-0.20579	-0.26334	1.5398	0.15578	-0.43792	0.65932	-0.043899	-0.047313	0.0048794	0.015026	-0.017459	0.2	0.017704	0.050657	0.029078	0.026204	-0.025384	-0.016457	-0.068153	0.0033478	-0.0011366	-0.0021934	0.003797
0.66996	0.16465	-0.17155	0.54997	-0.42719	-1.3514	-0.77901	0.68739	-0.039386	-0.034819	-0.010563	0.018915	-0.017773	0.18012	0.015965	0.04166	0.022271	0.019397	-0.014516	0.0021559	0.0030348	0.0013398	-0.00083651	-0.001423	-0.0010316
0.65786	0.10813	-0.036608	0.013156	-0.0033508	-0.001643	0.013818	-0.093177	0.017498	0.018198	0.0055332	-0.010833	0.010661	-0.1841	-0.037859	-0.11228	-0.089133	-0.085726	0.12468	-0.026897	-0.040033	-0.060308	0.11989	0.32623	-0.68368
0.64593	0.098378	-0.030121	0.011189	-0.0030067	-0.00089832	0.010438	-0.07224	0.013279	0.013006	0.0032965	-0.0073907	0.0071408	-0.12174	-0.022577	-0.060015	-0.0399	-0.036237	0.036539	-0.0055617	-0.0066377	-0.0050193	0.0041898	0.0098261	-0.00069204
0.66954	0.14338	-0.087441	-0.10471	-0.0331	-0.0023044	0.018274	-0.27915	0.22982	0.8089	-1.5351	0.55899	-0.26063	0.60203	0.03533	0.085711	0.041941	0.035875	-0.019134	0.066187	0.24777	0.0062739	-0.0075615	-0.0072294	-8.76E-05
0.66208	0.13606	-0.072566	0.034735	-0.0088006	-0.0056209	0.041541	-0.36475	0.42075	-1.1866	-0.13498	0.18502	-0.13284	0.49889	0.031229	0.078272	0.040801	0.035874	-0.031957	0.0047258	0.0063972	0.0070704	-0.003754	-0.0041802	0.0019622
0.6491	0.099009	-0.030407	0.0096575	-0.0021315	-0.0018936	0.011479	-0.072301	0.01249	0.012996	0.0047197	-0.0079237	0.0079914	-0.12164	-0.017898	-0.05589	-0.038768	-0.036324	0.037021	-0.005529	-0.011095	-0.0060706	0.00013511	-0.0051969	0.0017853
0.65393	0.099711	-0.030572	0.010075	-0.0023803	-0.0017405	0.011353	-0.073139	0.012977	0.01339	0.0041777	-0.00779	0.0077641	-0.12306	-0.01959	-0.057837	-0.039711	-0.036789	0.036989	-0.0058067	-0.0095221	-0.0053195	0.0011127	-0.00052916	0.0014562
0.64969	0.099134	-0.031029	0.010428	-0.0027781	-0.00081891	0.010905	-0.071318	0.012169	0.013072	0.0046786	-0.0080709	0.0081417	-0.12196	-0.018096	-0.056211	-0.038599	-0.036205	0.037402	-0.004838	-0.0088697	-0.0060949	0.00010042	-0.0042218	-0.0017236
0.67393	0.12943	-0.15694	0.15868	-0.12066	-0.046275	1.2873	0.87781	-0.065454	-0.044992	-0.007096	0.020276	-0.020302	0.20513	0.017969	0.05039	0.027799	0.028849	-0.024423	-0.0079485	-0.081017	0.0010891	-0.049235	0.0072369	-0.00031395
0.65503	0.10767	-0.036861	0.012553	-0.0031849	-0.0014863	0.013854	-0.09129	0.016468	0.018005	0.0064885	-0.011255	0.01128	-0.18139	-0.032299	-0.1055	-0.084956	-0.083216	0.12005	-0.023321	-0.044466	-0.056014	-0.0068781	-0.19146	-0.063864
0.6517	0.099406	-0.030815	0.0099731	-0.002376	-0.0015887	0.011317	-0.072121	0.012328	0.013215	0.0046981	-0.0081537	0.0080501	-0.12219	-0.018205	-0.056215	-0.038741	-0.036334	0.037143	-0.0053343	-0.009538	-0.0061865	3.73E-05	-0.0050385	-0.00064298
0.65486	0.10763	-0.036872	0.012473	-0.0030861	-0.001573	0.013912	-0.091338	0.016466	0.018063	0.0064899	-0.011248	0.011279	-0.18137	-0.032308	-0.10553	-0.084955	-0.08321	0.12001	-0.023415	-0.044392	-0.055989	-0.0068518	-0.1916	-0.0639
0.65515	0.10784	-0.036497	0.012051	-0.0027599	-0.0023149	0.014339	-0.092992	0.017224	0.018438	0.0061646	-0.010988	0.011122	-0.18365	-0.033575	-0.10816	-0.088286	-0.086068	0.12401	-0.027809	-0.052044	-0.058278	0.014338	-0.33616	0.80622
0.67709	0.18853	1.6141	-0.043501	0.0099278	0.006029	-0.039342	0.17662	-0.017771	-0.016	-0.0047951	0.0088191	-0.0083916	0.095551	0.0091107	0.02336	0.012122	0.010529	-0.007987	0.00089194	0.0013832	0.0010539	-0.00060418	-0.00090534	0.00039843
0.65154	0.099325	-0.030112	0.010198	-0.0025161	-0.0017182	0.011317	-0.073416	0.013308	0.013282	0.0038032	-0.0074708	0.0074261	-0.12277	-0.020747	-0.058697	-0.040127	-0.036891	0.036866	-0.0061917	-0.0093551	-0.0048641	0.002326	0.0034046	0.0025156
0.67497	0.16533	-0.17132	0.54949	-0.42686	-1.3521	-0.7785	0.68594	-0.038905	-0.034439	-0.010685	0.019113	-0.017853	0.17903	0.015737	0.041172	0.021531	0.0189	-0.014608	0.0015416	0.0021527	0.0018698	-0.00083622	-0.001444	0.0013004
0.65415	0.099733	-0.030753	0.010164	-0.0024443	-0.0015693	0.01129	-0.072705	0.012646	0.01317	0.0044633	-0.0079559	0.0079554	-0.12274	-0.018978	-0.057172	-0.039285	-0.036551	0.037293	-0.0053301	-0.009717	-0.0058787	0.00084632	-0.0022465	0.0003678
0.57514	0.087751	-0.027529	0.012901	-0.0050432	0.0032648	0.0074822	-0.061904	0.011623	0.010728	0.0025981	-0.0061499	0.0061649	-0.10831	-0.022214	-0.055574	-0.03583	-0.032209	0.033895	-0.0038766	-0.0034427	-0.0047395	0.006544	0.017752	-0.0054292
0.65426	0.099756	-0.030805	0.010431	-0.0026067	-0.0013876	0.011131	-0.072682	0.012738	0.013237	0.0042097	-0.0079513	0.0078003	-0.12288	-0.019806	-0.057961	-0.039417	-0.036585	0.037189	-0.005395	-0.0084488	-0.0057826	0.0014503	7.35E-05	-0.00081494
0.65163	0.099444	-0.030545	0.010203	-0.0026598	-0.0011862	0.011179	-0.072456	0.01279	0.013125	0.004368	-0.007715	0.0078702	-0.12254	-0.018798	-0.05696	-0.039417	-0.036733	0.037202	-0.005546	-0.01023	-0.0053794	0.00070587	-0.0019983	0.0018896
0.65114	0.099292	-0.030386	0.0097777	-0.0022218	-0.0018843	0.011484	-0.072863	0.012775	0.013251	0.0044148	-0.007799	0.0078226	-0.12232	-0.018843	-0.056886	-0.039327	-0.036615	0.036916	-0.0058503	-0.010378	-0.0056092	0.0006613	-0.0028185	0.002184
0.65203	0.099341	-0.030273	0.010754	-0.0027399	-0.0013535	0.010908	-0.073142	0.013322	0.013159	0.0036219	-0.007498	0.0073258	-0.1228	-0.021787	-0.059619	-0.04014	-0.036648	0.036943	-0.0059167	-0.0080117	-0.0051405	0.0033442	0.0066353	0.0006528
0.659	0.13738	-0.072209	0.033252	-0.008214	-0.0058574	0.040371	-0.33913	0.21505	0.61687	1.2114	1.1128	-0.36677	0.6261	0.030077	0.079875	0.03893	0.034086	-0.0251	0.0022529	0.0044622	0.0035727	0.00011723	0.0031043	0.0025933
0.63415	0.096493	-0.028685	0.010283	-0.0023617	-0.0020569	0.010919	-0.072239	0.013476	0.01241	0.003309	-0.0069452	0.0067498	-0.11913	-0.022382	-0.058974	-0.039559	-0.03569	0.035789	-0.0062761	-0.0095604	-0.0049391	0.005064	0.010198	0.0034543
