683665
683667
684052
684055
684057
684059
684062
684072
684681
687448
687452
687455
687457
687459
687505
687506
687514
687561
687562
687563
687568
687586
687588
687590
687592
687596
687600
687777
687780
687787
687798
687799
687800
687802
687804
687807
687812
687815
687816
687819
687820
687821
687829
687980
687983
687985
687995
687997
688001
688006
688007
688010
688011
688013
688014
688018
688021
688022
688023
688025
688026
688027
688031
688058
688086
688087
688121
713869
713878
713880
713885
713899
717431
722045
722046
722058
722066
724812
724825
724828
724831
724834
724838
724839
724855
724859
724863
724866
724868
724869
724870
724872
724873
724874
724878
724879
735784
749709
749710
749711
749712
749713
749714
749715
749716
749717
753531
753532
753533
753534
753535
753538
753539
753540
753541
753545
753546
753547
753548
753549
753551
753552
753554
753555
753556
753558
753559
753561
753562
753563
753564
753565
753566
753569
753570
753572
753573
753574
753575
753576
753577
753578
753579
753581
753582
753583
753584
753585
753586
753588
753589
753592
753594
753595
753596
753599
753600
753604
753605
753607
753608
753610
753612
753614
753615
753616
753618
753620
753621
753622
753623
753624
905933
905934
905935
905936
905937
905938
905939
905940
905941
905942
905944
905945
905946
905947
905948
905949
905950
905951
905952
905954
905955
905956
905957
905958
905959
905960
905961
905962
905963
905964
905965
905967
905968
905969
905970
905971
905972
905973
905974
905975
905976
905977
905978
905979
905980
905981
905982
905983
905984
905985
905986
905989
905990
905991
906693
906696
906746
906763
906765
906790
906791
906792
906793
906794
906795
906797
906798
906800
906801
906804
906805
906807
906808
906812
906813
906814
906817
906818
906820
906821
906823
906824
906826
906827
906828
906830
906831
906832
906833
906834
906835
906836
906837
906838
906839
906841
906842
906843
906844
906846
906847
906848
906849
906851
906852
906853
906854
906855
906856
906861
906862
906863
906864
906865
906868
906869
906870
906871
906872
906873
906875
906877
906999
907000
907042
907043
907044
907045
907046
907047
907048
907050
907051
907053
907055
907056
907057
907058
907059
907060
907061
907062
907064
907065
907066
907067
907068
907069
907071
907072
907073
907169
907170
907171
907172
907173
907175
907176
907268
907269
907270
907271
907272
907273
907274
907275
907276
907277
907278
907279
907280
907281
907282
907285
907286
907287
907289
907290
907291
907295
907298
907299
907300
907311
907312
907313
907314
907317
907318
907319
907320
907321
907322
907323
907783
907786
907787
907788
907789
907790
907791
907792
907794
907795
907796
907799
908121
908122
908123
908124
908125
908126
908127
908128
908129
908130
908131
908132
908135
908136
908138
908139
908141
908142
908143
908145
908146
908147
908148
908149
908150
908151
908152
908156
908158
908159
908440
908443
908444
908445
908446
908447
908448
908449
908450
908451
908452
908454
908455
908457
908458
908459
908460
908461
908462
908463
908465
908467
908468
908469
908470
908471
908472
908473
908474
908475
908476
908481
908482
908483
909194
909248
909249
909250
909251
909252
909253
909255
909256
909257
909260
909262
909263
909264
909696
909697
909698
909699
909700
909701
909702
909703
909704
909706
909707
909708
909709
909711
909712
909713
909715
909716
909717
909718
909719
909720
909721
909722
909723
909724
909725
909726
909727
909728
909729
909731
909732
909735
909736
909737
909738
909739
909740
909742
909743
909744
909745
909746
909747
909748
909749
909750
909751
909753
909754
909755
909756
909757
909758
909759
909761
909769
909770
909771
909773
909774
909776
909777
909778
909779
909780
909781
909784
909785
909904
909905
909907
909974
909975
909976
909977
910079
910209
910399
910401
910544
910545
910546
910548
910549
910554
910566
910567
910568
910569
910687
910688
910689
910691
910692
910694
910695
910697
910698
910700
910701
910702
910703
910704
910705
910706
910710
910779
910780
910781
910784
910849
910850
910851
910852
910853
910861
910899
910900
910903
910904
910905
910906
910907
910910
910911
910915
910916
910919
910920
910921
910922
910924
910925
910926
910927
910930
910931
910932
910933
910934
910935
910936
910937
910941
910942
910943
910944
910947
910948
910951
910952
911905
917486
924100
924102
924104
924105
924106
924107
924108
924110
924111
924151
924186
924187
924188
924238
924239
924240
924241
924244
924247
924248
924250
925338
925339
925340
925341
925343
925345
925346
925347
925348
930082
930083
930297
930298
930299
946353
946354
946355
946356
946357
946358
946359
946360
946361
946367
946368
946369
946370
946372
946373
946377
946382
949088
949090
949093
949094
949153
949155
949156
949157
949158
949160
949161
949162
949163
949164
949165
949166
949167
949168
949170
949171
949172
949173
949174
949175
949176
949177
949178
949179
971773
971774
971777
998184
998189
1240121
1240122
1240123
1240124
1240125
1240127
1240128
1240129
1240130
1240131
1240132
1240134
1240135
1240136
1240137
1240138
1240139
1240140
1240141
1240142
1240143
1240145
1240146
1240147
1240150
1240151
1240153
1240154
1240155
1240159
1240160
1240161
1240162
1240166
1240167
1240168
1240169
1240170
1240172
1240173
1240174
1240178
1240179
1240181
1240182
1240183
1240184
1240185
1240186
1240187
1240189
1240190
1240191
1240192
1240193
1240196
1240197
1240198
1240199
1240200
1240201
1240202
1240204
1240205
1240206
1240207
1240208
1240209
1240210
1240212
1240215
1240216
1240217
1240218
1240219
1240221
1240222
1240223
1240226
1247871
1247873
1287381
1287706
1290455
1290722
1290724
1290725
1290730
1290765
1290767
1290768
1290769
1290771
1290795
1290797
1290798
1290806
1290807
1290808
1290809
1290810
1290812
1290813
1290814
1290905
1290906
1290907
1290908
1290922
1295740
1295741
1297438
1297439
1297446
1297447
1297449
1298134
1298136
1298141
1298145
1298146
1298151
1298156
1298157
1298160
1298168
1298169
1298215
1298216
1298218
1298219
1298222
1298223
1298226
1298347
1298348
1298349
1298350
1298351
1298352
1298353
1298356
1298357
1298358
1298359
1298362
1298365
1298475
1298476
1298526
1298529
1298531
1298533
1298534
1298537
1298538
1298539
1299050
1299052
1299059
1299061
1299062
1299064
1299070
1299075
1299078
1299080
1299081
1303896
1303897
1303900
1303912
1322212
1322213
1322218
1322224
1323913
1327765
1327766
1327768
1327769
1327771
1327773
1327774
1327775
1330931
1330933
1330935
1330941
1330942
1330947
1330948
1330950
1330964
1330972
1330973
1330982
1330983
1330984
1330985
1330987
1330991
1330993
1330994
1330995
1331025
1331032
1331033
1331034
1331035
1331036
1331037
1331038
1331039
1331040
1331045
1331048
1331049
1331050
1479987
1479988
1479995
1480358
1480359
1480360
1480361
1480362
1480364
1480371
1480372
1480374
1503361
1503362
1503363
1503364
1503365
1503366
1503367
1503368
1503369
1503370
1503371
1509073
1509074
1524414
1524415
1524416
1524417
1524418
1524419
1659817
1659818
1659819
1659823
1659928
1660034
1660035
1660036
1674021
